76.662873
80.147138
81.146391
80.813690
77.422345
81.481617
64.231410
64.423469
61.860271
65.139326
64.935990
64.331348
57.921265
56.113890
57.764513
57.550747
54.109803
56.178550
54.419619
56.342108
56.097843
57.334966
57.728181
57.772812
56.253350
57.415064
58.750468
56.902918
59.092907
58.407141
58.160892
56.428406
59.241468
61.372073
61.568263
62.185791
63.094402
63.487394
67.561031
67.884966
66.797219
67.925148
74.612409
74.203910
73.094904
72.743744
75.982031
76.380659
82.822788
81.478607
83.281244
79.086063
83.590732
84.533391
57.696150
57.339991
58.912497
57.389059
58.429341
58.042736
55.540420
56.572318
57.561350
57.201903
57.693419
57.693423
54.001734
55.055955
54.022656
58.037718
58.071065
58.153173
55.787809
58.038729
58.742452
55.014549
58.417098
59.262968
61.573781
59.384737
61.520275
61.595655
62.170441
62.393295
64.494745
65.261228
68.155063
66.383024
69.706904
69.939451
74.902910
75.303594
75.778546
77.098161
76.623333
77.061230
83.808620
86.193318
87.706766
89.692346
88.707738
89.178348
54.716782
52.761861
57.340442
56.717144
56.813677
55.833048
56.444994
56.972070
56.988049
57.639274
57.195178
57.744620
54.091857
57.123930
56.408401
54.813794
58.775001
59.012650
56.693297
55.923439
60.099355
58.121400
58.096496
60.071927
59.523388
61.050751
63.246817
63.652600
64.104093
64.417350
66.716135
66.928475
69.304412
69.806712
70.741207
70.875142
73.803626
74.141764
76.271529
78.696475
77.424660
78.686796
83.616572
84.423495
87.056687
85.904479
87.261346
87.508805
55.387898
54.710739
57.632299
56.546770
57.230922
57.186587
55.213733
55.664183
56.452237
57.514634
57.713718
57.864092
54.544086
56.797259
59.021389
58.713495
59.373151
57.957874
56.561689
57.264551
59.103239
60.390757
60.965948
60.682108
62.127070
62.196835
65.554487
65.652193
65.591441
66.090802
69.080533
66.753780
73.133940
71.200364
72.043369
72.547174
