66.414994
70.761507
74.327127
74.333429
74.342086
76.090018
78.632016
82.872162
83.937922
88.232146
87.821237
89.685470
49.926851
48.536576
53.743142
55.364400
52.770705
54.602500
46.892162
49.725970
49.921339
53.930203
55.620529
55.101052
56.017231
53.379669
55.265781
53.932030
55.272520
57.563032
56.694274
53.555089
59.369038
59.024919
59.024650
59.677206
56.573057
57.279772
59.194783
59.824414
61.677373
62.530978
64.343760
68.734890
68.737344
68.733728
68.740561
64.999844
74.203109
76.321339
76.841385
77.771422
75.787675
79.663983
63.906741
67.422560
69.080814
70.193199
71.805238
71.818784
54.038172
52.798926
49.773465
55.692203
55.571155
56.008842
52.977893
49.333175
52.059817
54.491939
55.652755
55.388467
53.910820
56.574012
58.343205
58.719447
55.142768
59.171364
52.642069
59.089657
55.001911
59.820788
59.639149
59.123034
59.687416
58.806146
61.002702
60.155878
63.985847
65.291263
64.252046
73.639697
70.099064
73.642149
73.648573
71.365595
76.457987
75.954725
81.581808
81.576003
81.586629
82.333967
51.838149
49.150722
51.828684
52.858450
53.098751
52.752602
52.428662
54.714595
55.048707
55.314846
56.253334
55.711412
52.697111
46.181511
54.992349
56.352043
54.691834
55.838927
51.207127
53.118068
56.295202
56.297863
56.295897
57.618930
56.053208
53.695003
58.684205
59.321561
60.319525
60.416729
64.219308
61.338991
64.224434
66.211288
64.227117
67.567151
66.956362
68.555135
72.018920
74.528211
74.522594
74.962958
76.567303
81.452294
79.322856
81.375673
85.644189
86.171218
47.865514
50.307904
51.155885
52.965686
55.468166
55.453715
50.214886
54.273224
54.277578
56.537165
55.705278
56.536228
52.184459
52.176404
54.454491
55.636970
57.583376
57.582851
52.982198
54.223771
58.190627
53.008022
53.004303
58.201952
55.090627
58.672860
59.086137
60.935262
62.731390
59.042135
61.135579
68.801979
62.530337
64.657473
68.400438
65.687212
