68.304809
68.199827
69.122250
69.371532
70.487804
70.941436
76.722987
72.334773
81.044026
81.207838
81.058466
81.171408
50.897781
49.979316
51.416377
53.154708
53.147655
54.929992
46.321278
50.696375
54.090052
54.415632
54.601949
56.400750
52.642958
53.311421
54.545812
55.599951
57.732644
57.748174
54.651750
56.101988
56.667543
58.802761
58.811014
58.806077
58.311882
56.152932
56.839102
61.101066
61.879385
61.808621
62.759596
64.744402
67.638216
60.417376
66.836257
69.987181
70.617442
70.618989
75.926617
71.260989
75.932640
75.933438
79.805349
82.490077
86.781262
84.262372
86.312473
89.314505
52.973429
49.590429
55.417036
52.978126
55.114676
55.549074
53.282817
52.639860
52.641172
55.207450
55.219258
55.998444
53.354933
53.372356
56.408765
56.234551
58.620154
57.055917
57.622112
55.797054
59.096422
57.844894
58.397024
58.873036
55.465726
54.583509
61.200272
58.970088
62.218278
62.737475
68.708064
61.788438
56.908637
63.361496
67.919421
69.176505
74.112367
70.412172
78.675482
77.166186
77.172507
78.108877
76.266087
73.990817
76.715042
78.621043
80.105935
80.449917
52.755534
52.762212
53.377537
55.778776
51.058899
56.233038
52.125636
52.593005
53.783368
54.977679
55.044917
57.179211
53.399413
56.598465
53.408667
56.017139
54.828124
58.041569
56.354467
53.522103
59.642939
57.014916
59.054034
59.415219
59.269065
59.265010
65.913657
63.094331
64.070401
64.923882
72.039124
64.341576
62.213737
68.229937
72.042842
66.538711
73.203374
74.149189
78.495601
80.799710
78.473744
83.736882
53.268459
46.786713
49.859644
52.312699
53.147103
52.787065
52.339441
52.652366
53.470856
57.527734
54.399609
54.408792
50.303819
55.557695
51.862272
55.714139
56.363953
56.476625
53.083913
56.719370
56.639021
58.693780
58.097590
58.673047
56.250390
59.053677
60.584961
59.412672
55.939658
59.887210
59.905956
61.713205
63.687377
68.760128
66.449719
68.763309
